00000000000000000000000000000000000000
00000000000000000000000000000000000000
00000000000000000000000000000000000000
00000000000000000000000000000000000000
00000000000000000000000000000000000000
00000000000000000000000000000000000000
00000000000000000000000000000000000000
00000000000000000000000000000000000000
00000000000000000000000000000000000000
00000000000000000000000000000000000000
00000000000000000000000000000000000000
00000000000000000000000000000000000000
00000000000000000000000000000000000000
00000000000000000000000000000000000000
00000000000000000000000000000000000000
00000000000000000000000000000000000000
00000000000000000000000111000000000000
00000000000000000000000100111000000000
00000000000000000000000010100000000000
00000000000000000000110000000100000000
00000000000000000000101000010010000000
00000000000000000000100000000110000000
00000000000000000000011000000000000000
00000000000000000000010010000010110000
00000000000000000000010000000001101000
00000000000000000000000101000000110010
00000000000000000000000011010000110001
00000000000000000000000000001000000010
00000000000000000000000000011110001010
00000000000000000000000000010110001111
00000000000000000000000000001000110100
00000000000000000000000000000000011000
00000000000000000000000000000101110000
00000000000000000000000000000010010000